
97.94998399994802
1.999898813664913e-06
0.0
9.999959729611874e-06
1.00000761449337e-06
1.00000761449337e-06
2.00001522898674e-06
2.00001522898674e-06
1.00000761449337e-06
1.00000761449337e-06
1.00000761449337e-06
1.00000761449337e-06
0.0
1.00000761449337e-06
1.00000761449337e-06
1.00000761449337e-06
1.00000761449337e-06
0.0
1.00000761449337e-06
1.00000761449337e-06
1.00000761449337e-06
1.00000761449337e-06
1.00000761449337e-06
1.00000761449337e-06
1.00000761449337e-06
1.00000761449337e-06
1.00000761449337e-06
1.00000761449337e-06
1.00000761449337e-06
1.00000761449337e-06
9.998911991715431e-07
1.00000761449337e-06
0.0
1.00000761449337e-06
1.00000761449337e-06
9.998911991715431e-07
1.00000761449337e-06
1.00000761449337e-06
1.00000761449337e-06
1.00000761449337e-06
9.998911991715431e-07
1.00000761449337e-06
1.00000761449337e-06
1.00000761449337e-06
1.00000761449337e-06
1.00000761449337e-06
1.00000761449337e-06
1.00000761449337e-06
0.0
1.00000761449337e-06
1.00000761449337e-06
1.00000761449337e-06
9.998911991715431e-07
1.00000761449337e-06
1.00000761449337e-06
1.00000761449337e-06
1.00000761449337e-06
1.00000761449337e-06
1.00000761449337e-06
1.00000761449337e-06
1.00000761449337e-06
1.00000761449337e-06
1.00000761449337e-06
1.00000761449337e-06
1.00000761449337e-06
1.00000761449337e-06
0.0
2.00001522898674e-06
1.00000761449337e-06
1.00000761449337e-06
1.00000761449337e-06
1.00000761449337e-06
1.00000761449337e-06
0.0
1.00000761449337e-06
1.00000761449337e-06
1.00000761449337e-06
1.00000761449337e-06
1.00000761449337e-06
1.00000761449337e-06
1.00000761449337e-06
1.00000761449337e-06
1.00000761449337e-06
1.00000761449337e-06
1.00000761449337e-06
1.00000761449337e-06
1.00000761449337e-06
1.00000761449337e-06
1.00000761449337e-06
1.00000761449337e-06
1.00000761449337e-06
1.00000761449337e-06
1.00000761449337e-06
9.998911991715431e-07
1.00000761449337e-06
1.00000761449337e-06
1.00000761449337e-06
1.00000761449337e-06
1.00000761449337e-06
1.00000761449337e-06
